genres dictionary: {0: 'blues', 1: 'classical', 2: 'country', 3: 'disco', 4: 'hiphop', 5: 'jazz', 6: 'metal', 7: 'pop', 8: 'reggae', 9: 'rock'}
Test_loss: [0.7245463132858276, 0.03607214614748955, 0.7245463132858276, 0.6540783643722534]
predictions: 81
